1,4,0.25562584400177,0.190516710281372
2,2,4.94551229476929,0.947425365447998
3,1.33333337306976,2.52688312530518,4.36990022659302
4,2,1.21674239635468,4.80586242675781
5,2.40000009536743,0.531046390533447,4.58456516265869
6,2.66666674613953,4.04427289962769,2.88247442245483
7,2.85714292526245,4.26564693450928,2.39426589012146
8,3,4.81243419647217,1.00755393505096
9,3.11111116409302,3.63983392715454,2.7721426486969
10,3.20000004768372,0.11844277381897,0.09266197681427
11,2.90909099578857,4.83781337738037,4.60380792617798
12,3,2.68678212165833,0.207551121711731
13,3.07692313194275,0.901243686676025,1.09316885471344
14,3.14285707473755,2.55624151229858,1.79797625541687
15,3.20000004768372,4.46158647537231,0.711087584495544
16,3.25,2.77942156791687,3.12803316116333
17,3.29411768913269,1.28805255889893,1.89658260345459
18,3.33333325386047,3.35506963729858,2.21486473083496
19,3.36842107772827,3.09111022949219,1.59731650352478
20,3.40000009536743,4.33843994140625,0.377899408340454
21,3.42857146263123,1.77373623847961,2.61662578582764
22,3.27272725105286,4.8140549659729,1.98049402236938
23,3.30434775352478,2.32299304008484,4.05095291137695
24,3.33333325386047,0.648354887962341,2.165363073349
25,3.35999989509583,0.788701176643372,4.23099946975708
26,3.38461542129517,3.4155101776123,2.66284799575806
27,3.40740752220154,2.1950147151947,2.75917625427246
28,3.42857146263123,2.67494893074036,2.29228639602661
29,3.44827580451965,3.99672317504883,2.40044856071472
30,3.46666669845581,0.968483090400696,4.68358898162842
31,3.48387098312378,2.3704674243927,4.03328895568848
32,3.5,2.70290040969849,2.34195137023926
33,3.5151515007019,2.04207515716553,2.2506091594696
34,3.52941179275513,4.30569458007813,1.50287890434265
35,3.42857146263123,2.54651570320129,4.40556907653809
36,3.44444441795349,0.887055993080139,1.72059154510498
37,3.45945954322815,3.89367818832397,1.99097967147827
38,3.47368431091309,1.0039234161377,2.51751041412354
39,3.48717951774597,1.85600304603577,3.30908298492432
40,3.5,0.705648064613342,3.54034900665283
41,3.41463422775269,4.06737852096558,3.69076490402222
42,3.33333325386047,4.10688829421997,3.49391102790833
43,3.34883713722229,1.27762460708618,1.73944568634033
44,3.27272725105286,2.73125147819519,4.93482637405396
45,3.28888893127441,2.23247981071472,0.397773385047913
46,3.2173912525177,4.29305791854858,4.70321083068848
47,3.23404264450073,3.12058711051941,1.95222234725952
48,3.25,1.60364246368408,2.65741848945618
49,3.26530623435974,2.09175133705139,0.027536153793335
50,3.27999997138977,0.8357173204422,4.68034744262695
51,3.29411768913269,0.918642282485962,4.69442272186279
52,3.23076915740967,4.75902366638184,2.32470655441284
53,3.24528312683105,0.0545668601989746,1.72696328163147
54,3.1851851940155,4.50645065307617,4.91883373260498
55,3.20000004768372,1.47488617897034,0.310953259468079
56,3.21428561210632,2.8111686706543,3.5562686920166
57,3.22807025909424,2.73018932342529,4.09465742111206
58,3.17241382598877,2.88975095748901,4.78760623931885
59,3.18644070625305,3.88967084884644,0.46348512172699
60,3.20000004768372,3.12622022628784,2.93182754516602
61,3.21311473846436,3.87255907058716,0.211707353591919
62,3.16129040718079,4.49198532104492,4.08039951324463
63,3.17460322380066,1.37424445152283,4.68862915039063
64,3.1875,3.69174003601074,2.84258103370667
65,3.20000004768372,1.47752070426941,0.204227566719055
66,3.21212124824524,2.34724974632263,3.01475620269775
67,3.22388052940369,2.1640636920929,2.59752655029297
68,3.17647051811218,3.32088041305542,4.41856479644775
69,3.18840575218201,3.97306871414185,2.72852206230164
70,3.20000004768372,1.94481873512268,2.0821795463562
71,3.15492963790894,3.24422359466553,4.35400485992432
72,3.11111116409302,2.27756762504578,4.56925678253174
73,3.12328767776489,2.75371527671814,2.75004959106445
74,3.13513517379761,3.27410507202148,3.21020889282227
75,3.14666676521301,2.61824154853821,3.05938744544983
76,3.15789484977722,1.02534472942352,0.303872227668762
77,3.16883111000061,3.92421531677246,2.26248121261597
78,3.17948722839355,4.40087413787842,1.95032262802124
79,3.18987345695496,0.614181756973267,4.5750207901001
80,3.20000004768372,2.07123017311096,3.83753657341003
81,3.209876537323,1.70049047470093,4.21127557754517
82,3.21951222419739,3.17720699310303,3.26553463935852
83,3.18072295188904,4.56117248535156,4.08408451080322
84,3.19047617912292,4.23942375183105,0.33403754234314
85,3.20000004768372,3.4097421169281,1.99128246307373
86,3.20930242538452,2.80647969245911,3.55511665344238
87,3.17241382598877,3.29807567596436,4.60546207427979
88,3.18181824684143,2.43732953071594,1.28112649917603
89,3.19101119041443,1.49177813529968,0.577179789543152
90,3.20000004768372,3.82773447036743,2.62517309188843
91,3.20879125595093,1.68343448638916,4.50120544433594
92,3.2173912525177,0.989893078804016,3.25161981582642
93,3.22580647468567,1.09986007213593,2.04937314987183
94,3.23404264450073,1.54241943359375,3.2416205406189
95,3.24210524559021,1.20261073112488,3.01004505157471
96,3.20833325386047,4.3957462310791,3.63606977462769
97,3.17525768280029,3.92400979995728,4.99430656433105
98,3.18367338180542,0.243909955024719,2.11154437065125
99,3.19191908836365,0.693212151527405,1.46989917755127
100,3.20000004768372,2.17155075073242,3.20312142372131
101,3.20792078971863,2.69228601455688,1.67893266677856
102,3.21568632125854,0.710883736610413,1.04116559028625
103,3.18446612358093,3.01610016822815,4.99284791946411
104,3.19230771064758,2.85673832893372,2.21673035621643
105,3.16190481185913,3.51392221450806,4.01402235031128
106,3.1698112487793,4.25377082824707,2.19236826896667
107,3.177570104599,2.64276838302612,0.150477290153503
108,3.1851851940155,4.1593337059021,1.99625110626221
109,3.19266057014465,0.406605005264282,1.57040929794312
110,3.20000004768372,0.104101896286011,1.47610330581665
111,3.20720720291138,1.52857518196106,2.44296455383301
112,3.21428561210632,0.100165605545044,4.86280870437622
113,3.22123885154724,1.00393056869507,3.58945178985596
114,3.22807025909424,4.70498752593994,1.39424824714661
115,3.23478269577026,0.0557255744934082,3.55040836334229
116,3.24137926101685,0.88719367980957,0.0540041923522949
117,3.21367526054382,3.76407814025879,4.32915639877319
118,3.22033905982971,2.64922285079956,2.66832375526428
119,3.22689080238342,3.08855152130127,0.459166765213013
120,3.23333334922791,0.656046271324158,3.11341142654419
121,3.23966932296753,2.22326970100403,1.06176853179932
122,3.21311473846436,4.94463491439819,1.4893159866333
123,3.21951222419739,4.44974660873413,1.05104684829712
124,3.22580647468567,3.02449083328247,1.03143334388733
125,3.23200011253357,3.35459041595459,1.48262357711792
126,3.2380952835083,0.833204984664917,4.30984926223755
127,3.24409437179565,4.3698935508728,0.784012675285339
128,3.25,2.91234278678894,3.79863381385803
129,3.25581383705139,2.89635920524597,3.55276823043823
130,3.2615385055542,4.17964839935303,2.73534321784973
131,3.23664116859436,4.41313219070435,4.5125675201416
132,3.24242424964905,1.7986752986908,3.11506295204163
133,3.24812030792236,0.109530091285706,4.62722110748291
134,3.25373125076294,0.466524362564087,1.50278234481812
135,3.25925922393799,2.76551580429077,0.833364725112915
136,3.26470589637756,4.64731502532959,0.60119092464447
137,3.27007293701172,2.29282402992249,0.55168092250824
138,3.24637675285339,3.08166837692261,4.80977535247803
139,3.25179862976074,2.95677042007446,0.575281977653503
140,3.2571427822113,1.42688059806824,1.05112612247467
141,3.26241135597229,0.370965600013733,1.16305708885193
142,3.23943662643433,3.689204454422,3.89051723480225
143,3.24475526809692,2.45205020904541,3.1665050983429
144,3.25,0.145962238311768,1.64904570579529
145,3.22758626937866,4.4135103225708,3.38538289070129
146,3.20547938346863,3.25196552276611,3.88699173927307
147,3.21088433265686,3.12493777275085,1.9077935218811
148,3.21621632575989,3.31854820251465,1.69310712814331
149,3.22147655487061,3.38484811782837,1.10282957553864
150,3.22666668891907,1.90517807006836,0.628691911697388
151,3.23178815841675,3.93672108650208,1.57210850715637
152,3.23684215545654,0.26835024356842,3.32190799713135
153,3.24183011054993,2.40260577201843,2.21368885040283
154,3.24675321578979,3.39337301254272,3.20097804069519
155,3.25161290168762,0.836752653121948,4.65591049194336
156,3.2564103603363,2.44921708106995,1.93187975883484
157,3.26114654541016,4.7163872718811,1.12302362918854
158,3.26582288742065,0.396088361740112,0.13404369354248
159,3.27044034004211,2.53370428085327,2.80739045143127
160,3.25,2.01209163665771,4.68198251724243
161,3.25465846061707,1.58951854705811,2.45279693603516
162,3.25925922393799,4.74283123016357,1.31570363044739
163,3.23926377296448,4.52136278152466,4.85240411758423
164,3.24390244483948,4.3380651473999,1.99883317947388
165,3.24848484992981,3.20467519760132,0.963570475578308
166,3.25301194190979,2.97364926338196,1.23198211193085
167,3.23353290557861,2.60775423049927,4.54711675643921
168,3.2380952835083,1.88559627532959,2.88134241104126
169,3.24260354042053,0.30164897441864,1.10554695129395
170,3.22352933883667,4.94141149520874,1.96647262573242
171,3.22807025909424,0.0269192457199097,0.432577729225159
172,3.23255825042725,4.04946327209473,0.240556001663208
173,3.23699426651001,0.326370000839233,2.25660061836243
174,3.24137926101685,3.13116502761841,1.73163509368896
175,3.24571418762207,2.00693106651306,3.02402114868164
176,3.25,1.6558895111084,0.477966070175171
177,3.25423717498779,1.70128321647644,2.11669826507568
178,3.23595499992371,4.41483211517334,2.84958457946777
179,3.24022340774536,4.53590774536133,1.64436197280884
180,3.24444437026978,0.62591552734375,2.30040049552917
181,3.24861884117126,3.62613964080811,2.06299161911011
182,3.25274729728699,1.50084638595581,1.09595119953156
183,3.25683069229126,1.64497947692871,0.93035101890564
184,3.26086950302124,2.51026773452759,3.04198169708252
185,3.26486492156982,1.00782215595245,4.79151678085327
186,3.26881718635559,3.12102293968201,1.13041877746582
187,3.27272725105286,2.19718790054321,1.96757936477661
188,3.27659583091736,1.64730644226074,2.08296513557434
189,3.28042316436768,0.420141220092773,3.73061370849609
190,3.2842104434967,0.102188587188721,4.52065658569336
191,3.2879581451416,1.30844736099243,0.709254145622253
192,3.29166674613953,3.43384265899658,0.0150024890899658
193,3.2746114730835,4.2427830696106,4.83178234100342
194,3.27835059165955,1.73364543914795,1.957843542099
195,3.28205132484436,4.22082948684692,2.2007098197937
196,3.28571438789368,2.71095132827759,1.34150528907776
197,3.28934001922607,1.86844730377197,1.81897664070129
198,3.27272725105286,3.82417321205139,3.60220313072205
199,3.2763819694519,0.980302095413208,4.54911184310913
200,3.27999997138977,1.34880089759827,0.564380288124084
201,3.28358197212219,4.51706314086914,1.32480120658875
202,3.28712868690491,0.054132342338562,0.342697501182556
203,3.29064035415649,2.48796439170837,0.59029221534729
204,3.2745099067688,3.84625792503357,3.7580041885376
205,3.2780487537384,0.833459496498108,4.76160717010498
206,3.2815535068512,2.32102012634277,3.48549485206604
207,3.28502416610718,2.09028387069702,2.94810080528259
208,3.28846144676209,0.00588893890380859,0.869514942169189
209,3.29186606407166,0.0943666696548462,4.04090118408203
210,3.27619051933289,2.89609408378601,4.9323558807373
211,3.279620885849,0.366508960723877,0.974942445755005
212,3.28301882743835,3.52121067047119,0.207427144050598
213,3.28638505935669,0.960182547569275,3.48840999603271
214,3.289719581604,3.35298013687134,1.49666404724121
215,3.274418592453,3.88177990913391,3.26527833938599
216,3.27777767181396,1.42908000946045,0.20460844039917
217,3.26267290115356,2.82814836502075,4.37884330749512
218,3.2660551071167,0.152443051338196,0.811325311660767
219,3.26940631866455,1.41198897361755,2.63279056549072
220,3.27272725105286,2.61025214195251,0.351035594940186
221,3.2760181427002,2.40844941139221,0.846145153045654
222,3.27927923202515,1.78835368156433,0.317481160163879
223,3.28251123428345,1.71823525428772,2.02640986442566
224,3.28571438789368,2.10907077789307,2.04901552200317
225,3.28888893127441,2.12041878700256,2.97701740264893
226,3.29203534126282,0.941690802574158,1.17379307746887
227,3.29515409469604,1.55014896392822,0.549824833869934
228,3.29824566841125,1.64034342765808,0.880295634269714
229,3.30131006240845,0.527400374412537,2.68534159660339
230,3.30434775352478,1.02218210697174,4.87057209014893
231,3.30735921859741,3.41148900985718,3.39528369903564
232,3.3103449344635,3.51007652282715,0.83393931388855
233,3.29613733291626,3.56104326248169,3.72900366783142
234,3.29914522171021,4.08947038650513,1.83000421524048
235,3.28510642051697,4.03718996047974,4.96085214614868
236,3.27118635177612,4.07117414474487,3.63177251815796
237,3.27426171302795,1.68362164497375,3.41421484947205
238,3.27731084823608,3.07294392585754,0.944061875343323
239,3.28033471107483,2.51991534233093,0.435038208961487
240,3.28333330154419,3.03832387924194,1.41500091552734
241,3.28630709648132,1.30002760887146,0.993331074714661
242,3.28925609588623,1.61736226081848,3.88299107551575
243,3.29218101501465,1.36059856414795,3.76579475402832
244,3.29508185386658,0.150650143623352,3.7090425491333
245,3.29795908927917,0.454705357551575,1.52753257751465
246,3.28455281257629,3.96193265914917,3.43301296234131
247,3.2874493598938,2.82909655570984,1.52944946289063
248,3.29032254219055,2.01213502883911,0.0992810726165771
249,3.29317259788513,1.61738014221191,3.29649639129639
250,3.2960000038147,1.27260184288025,3.72563409805298
251,3.29880475997925,2.25946092605591,0.360910296440125
252,3.30158734321594,0.285075902938843,0.153389573097229
253,3.30434775352478,0.955855250358582,0.985484719276428
254,3.29133868217468,3.89333248138428,4.1278223991394
255,3.29411768913269,0.735154747962952,0.680364966392517
256,3.296875,1.65192031860352,0.73084831237793
257,3.29961085319519,2.66558027267456,1.10072076320648
258,3.30232548713684,1.33478617668152,1.86276531219482
259,3.30501937866211,3.09070801734924,1.74479937553406
260,3.29230761528015,4.58333110809326,3.599280834198
261,3.29501914978027,3.49837732315063,1.22982919216156
262,3.29770994186401,0.893577933311462,0.560669898986816
263,3.2851710319519,3.46766901016235,4.10513353347778
264,3.28787875175476,0.813981890678406,0.137131214141846
265,3.27547168731689,4.37627840042114,3.53148984909058
266,3.27819538116455,0.236278176307678,1.11856937408447
267,3.28089880943298,2.22931170463562,3.81978750228882
268,3.28358197212219,1.5024266242981,3.30198574066162
269,3.28624534606934,2.38424277305603,1.76736211776733
270,3.28888893127441,1.16182565689087,2.44080758094788
271,3.29151296615601,0.544107556343079,1.66949772834778
272,3.29411768913269,0.949649810791016,3.06620812416077
273,3.28205132484436,4.88319778442383,1.66689419746399
274,3.28467154502869,0.723364949226379,3.0395827293396
275,3.28727269172668,0.45269250869751,2.73950958251953
276,3.28985500335693,4.20819330215454,1.38880228996277
277,3.29241871833801,0.29624342918396,2.43642234802246
278,3.2949640750885,0.286624431610107,0.339847207069397
279,3.28315401077271,3.62000274658203,3.59845757484436
280,3.28571438789368,3.77158164978027,2.79172325134277
281,3.28825616836548,0.842471718788147,0.660211443901062
282,3.27659583091736,3.45799255371094,4.20626735687256
283,3.27915191650391,2.69354557991028,3.3479368686676
284,3.28169012069702,0.320757627487183,4.6318531036377
285,3.2842104434967,2.35554790496826,3.19791197776794
286,3.28671336174011,1.35520005226135,0.788244605064392
287,3.28919863700867,3.87666177749634,0.0538331270217896
288,3.29166674613953,1.48304677009583,2.36671113967896
289,3.28027677536011,3.32182121276855,4.02517986297607
290,3.26896548271179,3.93073439598084,3.72575950622559
291,3.27147769927979,2.78993940353394,3.61414670944214
292,3.2739725112915,1.16708397865295,0.287073254585266
293,3.27645039558411,1.86221814155579,1.56350111961365
294,3.26530623435974,4.16613101959229,3.97592663764954
295,3.25423717498779,1.28568029403687,4.86349582672119
296,3.25675678253174,1.30363917350769,2.11615896224976
297,3.25925922393799,3.01124596595764,0.483322143554688
298,3.2617449760437,0.291208028793335,0.34153938293457
299,3.26421403884888,4.05536699295044,2.41894030570984
300,3.26666665077209,2.34793090820313,2.80467534065247
301,3.26910305023193,2.75203132629395,0.406895279884338
302,3.27152323722839,3.13386631011963,0.649396777153015
303,3.27392745018005,2.81502938270569,3.89315557479858
304,3.26315784454346,4.71820259094238,4.20590019226074
305,3.26557374000549,1.1124849319458,2.36577534675598
306,3.25490188598633,3.72318077087402,3.71528339385986
307,3.25732898712158,1.48198390007019,2.44211173057556
308,3.25974035263062,0.386411547660828,4.18083429336548
309,3.26213598251343,4.60816287994385,1.56514620780945
310,3.2645161151886,0.90828537940979,1.09586894512177
311,3.26688098907471,2.33247423171997,1.39187121391296
312,3.26923084259033,3.95160555839539,2.70722413063049
313,3.27156543731689,1.98131775856018,0.979103446006775
314,3.27388525009155,3.21925163269043,3.14856338500977
315,3.26349210739136,3.15444183349609,3.90442895889282
316,3.25316452980042,4.35290718078613,3.73066544532776
317,3.24290227890015,3.03091502189636,4.9110689163208
318,3.24528312683105,4.35540676116943,0.427988171577454
319,3.24764895439148,1.00292384624481,2.29558682441711
320,3.25,1.74065327644348,1.00104808807373
321,3.2523365020752,0.0157231092453003,4.46831464767456
322,3.25465846061707,4.97944784164429,0.315779447555542
323,3.25696587562561,4.57180786132813,1.44031858444214
324,3.25925922393799,1.07297003269196,3.91431760787964
325,3.2615385055542,1.83234238624573,1.88506150245667
326,3.26380372047424,1.35069823265076,4.43773698806763
327,3.2660551071167,1.64104914665222,0.87749719619751
328,3.26829266548157,0.377581715583801,0.399035215377808
329,3.25835871696472,4.67689895629883,4.6239275932312
330,3.26060605049133,3.36290407180786,1.81552195549011
331,3.26283979415894,4.15201282501221,1.87320375442505
332,3.25301194190979,4.61065292358398,2.11901211738586
333,3.24324321746826,4.38594532012939,3.8830554485321
334,3.24550890922546,2.00114822387695,1.48674941062927
335,3.23582100868225,4.8186502456665,2.01245045661926
336,3.2261905670166,1.54757595062256,4.87108898162842
337,3.22848653793335,1.28282570838928,1.11351251602173
338,3.21893501281738,1.92797160148621,4.68140602111816
339,3.22123885154724,3.32143902778625,2.0948371887207
340,3.21176481246948,2.19285750389099,4.90980386734009
341,3.21407628059387,2.98027372360229,3.36223316192627
342,3.21637415885925,3.33828496932983,3.2091326713562
343,3.20699715614319,4.34749984741211,4.73639965057373
344,3.20930242538452,4.33821868896484,1.76706409454346
345,3.21159410476685,4.39309501647949,0.134441256523132
346,3.20231223106384,3.02540326118469,4.06511545181274
347,3.20461106300354,2.77712965011597,2.1443030834198
348,3.20689654350281,2.40263795852661,2.76904559135437
349,3.2091691493988,2.88638257980347,1.43089747428894
350,3.21142864227295,4.29650354385376,0.329831838607788
351,3.21367526054382,1.69722938537598,3.68251514434814
352,3.21590900421143,2.01731419563293,3.04222917556763
353,3.20679879188538,3.44003200531006,4.62595272064209
354,3.20903944969177,2.42298746109009,1.6316499710083
355,3.21126770973206,1.45044541358948,2.84986996650696
356,3.21348309516907,1.86073994636536,1.43036031723022
357,3.21568632125854,1.89574933052063,4.50246286392212
358,3.21787714958191,2.3840799331665,3.05755758285522
359,3.22005581855774,4.7885947227478,1.0198050737381
360,3.22222232818604,4.18124675750732,1.49015045166016
361,3.2243766784668,2.74112963676453,1.4395318031311
362,3.22651934623718,2.3344395160675,2.97409987449646
363,3.22865009307861,2.22662544250488,1.59535789489746
364,3.23076915740967,2.38221502304077,0.66068708896637
365,3.23287677764893,1.64527273178101,3.28109216690063
366,3.22404360771179,4.89967060089111,2.82576704025269
367,3.22615814208984,1.74605345726013,0.676901936531067
368,3.22826075553894,0.0384068489074707,1.38156390190125
369,3.21951222419739,3.69753956794739,3.7102632522583
370,3.2216215133667,1.32638430595398,0.656417012214661
371,3.22371959686279,2.71044826507568,2.48816585540771
372,3.22580647468567,0.95645546913147,1.87346363067627
373,3.21715807914734,3.60488367080688,4.42405796051025
374,3.21925139427185,0.841530561447144,4.86370134353638
375,3.21066665649414,2.38041305541992,4.50415563583374
376,3.20212769508362,2.18325757980347,4.5730504989624
377,3.2042441368103,2.32054615020752,0.170782804489136
378,3.20634913444519,0.0457853078842163,3.42962312698364
379,3.19788908958435,4.87687397003174,4.06386280059814
380,3.20000004768372,3.44543266296387,1.51842856407166
381,3.20209980010986,1.838294506073,4.46693325042725
382,3.20418858528137,0.929343104362488,3.407381772995
383,3.20626640319824,4.37044048309326,2.28259587287903
384,3.20833325386047,0.143776535987854,3.86478066444397
385,3.21038961410522,3.34325194358826,0.249137282371521
386,3.20207262039185,3.25183868408203,4.86218690872192
387,3.20413446426392,1.41430878639221,0.9248948097229
388,3.20618557929993,0.149551033973694,1.9356427192688
389,3.20822620391846,2.74067425727844,3.89959287643433
390,3.21025633811951,0.175256729125977,0.0311845541000366
391,3.21227622032166,1.02507174015045,2.33868098258972
392,3.21428561210632,2.60878300666809,2.57933592796326
393,3.21628499031067,0.784041881561279,0.826449394226074
394,3.21827411651611,0.533069372177124,0.360784530639648
395,3.22025322914124,3.9593653678894,1.20754420757294
396,3.22222232818604,2.86150240898132,0.332921743392944
397,3.22418141365051,1.85714983940125,1.86174654960632
398,3.2160804271698,4.53391313552856,4.24209213256836
399,3.2180449962616,2.49418997764587,1.74796199798584
400,3.22000002861023,3.78143906593323,0.103194117546082
401,3.22194504737854,0.213294625282288,2.94978642463684
402,3.22388052940369,0.705600380897522,1.31846165657043
403,3.22580647468567,3.15804290771484,1.98370599746704
404,3.22772288322449,0.646978616714478,0.321280956268311
405,3.21975302696228,4.47626066207886,2.86888456344604
406,3.22167491912842,1.90306758880615,3.91138434410095
407,3.22358727455139,0.0613158941268921,4.78790092468262
408,3.2254900932312,4.22760677337646,1.57267355918884
409,3.227383852005,0.487356185913086,2.04677319526672
410,3.22926831245422,4.12882518768311,2.32916736602783
411,3.23114347457886,1.15642964839935,4.24603843688965
412,3.22330093383789,4.67492580413818,3.41198015213013
413,3.22518157958984,3.15174627304077,0.287004709243774
414,3.22705316543579,0.559796690940857,0.724735856056213
415,3.22891569137573,2.74554467201233,4.16492414474487
416,3.2211537361145,4.67221736907959,3.35515689849854
417,3.22302150726318,3.71897101402283,2.64744305610657
418,3.22488045692444,2.31748795509338,3.26262354850769
419,3.22673034667969,3.98281693458557,1.89897322654724
420,3.22857141494751,1.46136617660522,1.93200492858887
421,3.23040390014648,4.28028345108032,1.76336789131165
422,3.23222756385803,2.79432201385498,0.810710191726685
423,3.22458624839783,3.6605167388916,4.40674781799316
424,3.22641515731812,0.0467395782470703,2.26241374015808
425,3.22823524475098,1.00704550743103,4.37563323974609
426,3.23004698753357,0.202292203903198,4.35755252838135
427,3.23185014724731,1.1050009727478,3.07525730133057
428,3.22429895401001,4.1408805847168,4.59501552581787
429,3.22610712051392,4.52347326278687,1.83589124679565
430,3.21860456466675,3.88658404350281,3.24329614639282
431,3.22041773796082,4.00569677352905,1.92272996902466
432,3.22222232818604,4.08865404129028,0.404396057128906
433,3.21478056907654,2.19310665130615,4.98108148574829
434,3.21658992767334,4.48209238052368,0.340750813484192
435,3.21839070320129,1.77534675598145,2.801029920578
436,3.22018337249756,2.23481202125549,4.08109951019287
437,3.22196793556213,3.31855654716492,3.14883279800415
438,3.22374439239502,1.66789746284485,3.91651439666748
439,3.22551250457764,0.965927839279175,3.90936326980591
440,3.22727274894714,2.06468367576599,2.33420991897583
441,3.22902488708496,4.24936246871948,1.17691397666931
442,3.23076915740967,1.83506345748901,2.96338820457459
443,3.23250555992126,0.752127170562744,3.41146898269653
444,3.22522521018982,1.4018132686615,4.80393409729004
445,3.226966381073,1.25348234176636,4.29706764221191
446,3.22869944572449,2.72215270996094,2.65706396102905
447,3.22147655487061,4.00547933578491,4.56890535354614
448,3.22321438789368,4.79807329177856,0.547908544540405
449,3.22494435310364,0.0138306617736816,1.16625964641571
450,3.22666668891907,3.45428824424744,2.77310943603516
451,3.21951222419739,4.91393613815308,3.9368634223938
452,3.22123885154724,1.51022458076477,2.13475680351257
453,3.22295808792114,1.07825577259064,1.2657413482666
454,3.22466969490051,1.81225514411926,4.45153284072876
455,3.22637367248535,0.180615186691284,3.9719295501709
456,3.22807025909424,0.23472011089325,0.905619263648987
457,3.22975921630859,2.03696584701538,0.366619229316711
458,3.23144102096558,2.53645086288452,2.15819096565247
459,3.22440075874329,4.47871398925781,4.57778739929199
460,3.22608685493469,2.82888984680176,1.75159192085266
461,3.22776579856873,2.25494170188904,2.12994599342346
462,3.22943711280823,2.19547009468079,2.25328421592712
463,3.23110151290894,1.64111757278442,2.93377780914307
464,3.23275852203369,3.59315395355225,0.467597842216492
465,3.23440861701965,3.16537666320801,3.00324773788452
466,3.22746777534485,4.72663450241089,1.82198739051819
467,3.22912216186523,1.02888405323029,0.346001386642456
468,3.23076915740967,1.17001533508301,3.54895353317261
469,3.22388052940369,2.36562514305115,4.76313209533691
470,3.22553181648254,1.77778387069702,0.295119881629944
471,3.21868371963501,1.06022655963898,4.98526096343994
472,3.22033905982971,3.19140434265137,2.56176805496216
473,3.22198724746704,1.2859365940094,2.24015259742737
474,3.22362875938416,0.382082462310791,4.40900087356567
475,3.2252631187439,2.57073068618774,1.77503371238709
476,3.22689080238342,0.227824449539185,2.03331971168518
477,3.22012567520142,4.80979251861572,3.51967859268188
478,3.22175741195679,3.49169492721558,0.864578485488892
479,3.21503138542175,4.79572010040283,4.20965719223022
480,3.21666669845581,0.0674068927764893,2.53399705886841
481,3.21829533576965,1.83897829055786,2.9790518283844
482,3.21161818504334,3.17078065872192,4.7338490486145
483,3.21325039863586,0.857571363449097,1.59730172157288
484,3.21487593650818,3.01992154121399,2.53593111038208
485,3.208247423172,2.68651938438416,4.73537445068359
486,3.209876537323,0.0983208417892456,1.97764253616333
487,3.20328545570374,4.95744609832764,1.66182255744934
488,3.20491814613342,4.82367467880249,0.902044177055359
489,3.20654392242432,1.33780145645142,1.23534202575684
490,3.20816326141357,2.23085784912109,0.829159021377563
491,3.20977592468262,3.77431583404541,0.0740993022918701
492,3.20325207710266,3.2233452796936,3.93126368522644
493,3.20486807823181,0.761567950248718,3.50889086723328
494,3.20647764205933,3.46213293075562,0.374605655670166
495,3.20808076858521,1.07550024986267,0.916855335235596
496,3.20161294937134,4.5287127494812,3.39757251739502
497,3.19517111778259,4.5134973526001,4.37977981567383
498,3.19678711891174,2.32631349563599,2.55116724967957
499,3.19839668273926,2.78586363792419,1.57266473770142
500,3.20000004768372,0.208115577697754,4.277756690979
501,3.20159673690796,4.15899801254272,0.0184184312820435
502,3.19521903991699,3.74717354774475,4.65628862380981
503,3.19681906700134,4.79197216033936,1.14072263240814
504,3.19841265678406,1.97950339317322,3.2773060798645
505,3.20000004768372,0.372608304023743,3.16491603851318
506,3.20158100128174,2.22813701629639,3.75829815864563
507,3.2031557559967,0.453923940658569,2.66677522659302
508,3.20472431182861,3.81613206863403,0.577651262283325
509,3.20628690719604,2.46465468406677,3.62864685058594
510,3.20784306526184,3.41870903968811,1.95702528953552
511,3.20939326286316,1.68203020095825,1.60606288909912
512,3.2109375,1.00348055362701,1.74670433998108
513,3.21247553825378,1.02423906326294,3.28533411026001
514,3.21400785446167,0.271748900413513,2.20143580436707
515,3.2155339717865,0.98060131072998,1.17514431476593
516,3.21705436706543,3.95377826690674,0.123747587203979
517,3.2185685634613,2.49006962776184,2.57759785652161
518,3.21235513687134,3.42865586280823,4.9930100440979
519,3.2138729095459,3.49512457847595,1.7164363861084
520,3.21538472175598,3.84948015213013,1.19887948036194
521,3.21689057350159,2.65383386611938,3.90895128250122
522,3.21839070320129,2.11700940132141,2.02563500404358
523,3.21988534927368,3.07289624214172,1.76977896690369
524,3.21374034881592,4.9828462600708,3.22966384887695
525,3.21523809432983,3.58618974685669,0.146434903144836
526,3.21673011779785,3.9285671710968,0.778767466545105
527,3.21821641921997,1.60233235359192,0.0284880399703979
528,3.21212124824524,4.85754013061523,4.12578344345093
529,3.21361064910889,3.38881015777588,1.55070996284485
530,3.21509432792664,2.52671575546265,2.5191638469696
531,3.21657252311707,2.88321948051453,0.489401817321777
532,3.2180449962616,1.95897841453552,0.107707381248474
533,3.21951222419739,2.2280170917511,3.59206676483154
534,3.21348309516907,4.87130260467529,2.96928381919861
535,3.21495318412781,3.2095627784729,0.234740972518921
536,3.21641802787781,4.21801376342773,1.88674116134644
537,3.21787714958191,1.48433303833008,1.86781787872314
538,3.21933078765869,3.45500707626343,1.07343256473541
539,3.22077918052673,4.23897981643677,1.46621203422546
540,3.22222232818604,4.45188903808594,1.62410235404968
541,3.22365999221802,3.93778514862061,1.66096115112305
542,3.22509217262268,4.45447874069214,0.238224864006042
543,3.22651934623718,2.20709347724915,2.85737729072571
544,3.22794127464294,3.69012117385864,3.21788191795349
545,3.22201824188232,4.43522500991821,4.2211799621582
546,3.21611714363098,4.51365184783936,4.76598691940308
547,3.21755027770996,0.298879146575928,2.70925068855286
548,3.2189781665802,0.138302445411682,1.62377977371216
549,3.21311473846436,4.29388236999512,2.61710858345032
550,3.21454548835754,2.68498873710632,1.4580557346344
551,3.21597099304199,2.27334880828857,3.54453277587891
552,3.2173912525177,2.53992891311646,0.585066080093384
553,3.21880650520325,2.347088098526,2.99222922325134
554,3.22021651268005,0.0610834360122681,4.58904695510864
555,3.2216215133667,2.732750415802,1.29088139533997
556,3.22302150726318,0.510464310646057,0.585448145866394
557,3.21723508834839,3.9926929473877,3.67613911628723
558,3.21863794326782,3.18795561790466,0.599636435508728
559,3.22003579139709,1.66786527633667,3.55985999107361
560,3.21428561210632,4.18935346603394,4.35550975799561
561,3.20855617523193,2.99611186981201,4.74274873733521
562,3.20996451377869,0.492589473724365,3.95597410202026
563,3.2113676071167,2.02091193199158,3.33547592163086
564,3.21276593208313,2.38027715682983,2.2285327911377
565,3.2141592502594,0.72489857673645,3.6623215675354
566,3.21554780006409,3.22065544128418,1.46396780014038
567,3.209876537323,3.06714868545532,4.32096099853516
568,3.20422530174255,4.06771898269653,3.01743602752686
569,3.20562386512756,1.43096828460693,3.25898289680481
570,3.20701766014099,1.70791959762573,3.95492672920227
571,3.20840620994568,4.699462890625,1.40725755691528
572,3.20279717445374,4.97664356231689,3.35101366043091
573,3.20418858528137,2.05921030044556,3.25915384292603
574,3.20557498931885,0.594710111618042,3.96091175079346
575,3.20000004768372,4.98911142349243,0.44485330581665
576,3.20138883590698,4.0397777557373,2.46235036849976
577,3.19584059715271,2.83234691619873,4.2910532951355
578,3.19723176956177,1.86452174186707,4.07577419281006
579,3.19861841201782,4.49514198303223,0.474598407745361
580,3.20000004768372,2.94133996963501,1.70883202552795
581,3.19449234008789,3.93316149711609,3.48047542572021
582,3.19587635993958,4.76883029937744,1.09279036521912
583,3.19725561141968,0.67412793636322,0.289267897605896
584,3.1986300945282,2.72021555900574,2.43000292778015
585,3.20000004768372,2.04566621780396,1.61956524848938
586,3.20136523246765,3.28865957260132,0.634709596633911
587,3.20272564888,2.51741623878479,1.22558236122131
588,3.20408153533936,3.64296007156372,3.20555806159973
589,3.19864177703857,4.55917739868164,2.62774085998535
590,3.20000004768372,3.74409961700439,2.49728107452393
591,3.19458556175232,4.85000896453857,4.4451003074646
592,3.19594597816467,1.96029448509216,4.00104427337646
593,3.19055652618408,3.48877668380737,4.39219760894775
594,3.19191908836365,4.97965812683105,0.0940698385238647
595,3.18655467033386,3.56435537338257,3.91053438186646
596,3.18791937828064,2.13802671432495,0.838982462882996
597,3.18927979469299,1.10118985176086,0.145474076271057
598,3.19063544273376,1.14630699157715,3.13371539115906
599,3.19198656082153,1.32907056808472,3.9634907245636
600,3.19333338737488,2.10826063156128,2.60643935203552
601,3.19467544555664,2.78215670585632,2.22864484786987
602,3.19601321220398,3.79257202148438,0.717655420303345
603,3.19734668731689,3.56706809997559,1.06222987174988
604,3.19867539405823,1.91806530952454,2.55650496482849
605,3.20000004768372,0.312272906303406,0.786520838737488
606,3.2013201713562,3.5200834274292,2.49464893341064
607,3.20263600349426,3.54855298995972,3.18873834609985
608,3.20394730567932,2.11591339111328,1.34185457229614
609,3.20525455474854,2.03801965713501,2.92744374275208
610,3.20655727386475,3.76824331283569,1.56711959838867
611,3.20785593986511,1.01651966571808,4.1787314414978
612,3.20915031433105,0.962166786193848,0.400927066802979
613,3.21044039726257,0.101004838943481,1.81819891929626
614,3.21172642707825,0.486805438995361,4.45753479003906
615,3.2130081653595,3.01610684394836,2.78176879882813
616,3.21428561210632,1.27947115898132,4.66627550125122
617,3.21555924415588,1.30754137039185,3.24174833297729
618,3.21682858467102,1.16160750389099,3.28821229934692
619,3.21809363365173,2.40166568756104,1.08551800251007
620,3.21935486793518,3.89582872390747,0.592377781867981
621,3.2206118106842,4.42857217788696,0.494832992553711
622,3.22186493873596,2.78044128417969,3.67027235031128
623,3.21669340133667,4.86803770065308,3.39711785316467
624,3.21794867515564,1.51690459251404,1.02215230464935
625,3.21280002593994,4.62615013122559,3.18944978713989
626,3.21405744552612,2.96957945823669,2.47198367118835
627,3.21531105041504,0.715435743331909,1.93707323074341
628,3.21656060218811,4.06347227096558,0.610203742980957
629,3.21780610084534,3.71928262710571,2.51362776756287
630,3.21269845962524,4.38968229293823,2.91999244689941
631,3.21394610404968,1.85994052886963,2.87703657150269
632,3.21518993377686,2.49667429924011,4.11355209350586
633,3.21642971038818,0.894848704338074,0.592304468154907
634,3.21766567230225,1.99343824386597,3.3918571472168
635,3.21889758110046,2.37078285217285,4.08405017852783
636,3.22012567520142,2.47833871841431,2.35105133056641
637,3.22135019302368,0.895429253578186,2.47017598152161
638,3.22257041931152,1.35621285438538,2.30755710601807
639,3.21752738952637,3.66312265396118,4.49211168289185
640,3.21875,2.27386140823364,1.71498680114746
641,3.21996879577637,3.56624245643616,2.50539445877075
642,3.22118377685547,1.72979974746704,4.63049507141113
643,3.2223949432373,1.50423669815063,3.91543436050415
644,3.22360253334045,0.366206765174866,2.00145030021667
645,3.22480630874634,3.02221155166626,0.504454970359802
646,3.21981430053711,3.42013835906982,3.76328659057617
647,3.22101998329163,0.166293382644653,3.3238959312439
648,3.22222232818604,0.901092886924744,4.53189373016357
649,3.2234206199646,2.45404100418091,0.328155159950256
650,3.22461533546448,2.22124195098877,3.85739040374756
651,3.22580647468567,3.26769304275513,1.08103513717651
652,3.22699379920959,0.925204753875732,0.402953624725342
653,3.22817754745483,4.38259840011597,1.64261960983276
654,3.22935771942139,3.73605012893677,1.42843461036682
655,3.22442746162415,4.31657981872559,4.27242755889893
656,3.22560977935791,3.86737060546875,0.905782580375671
657,3.22678852081299,3.11676359176636,2.36904835700989
658,3.2279634475708,1.94473767280579,2.30172300338745
659,3.22913503646851,2.50141477584839,3.0058171749115
660,3.23030304908752,1.54375290870667,1.84368991851807
661,3.23146748542786,2.5620129108429,0.307050347328186
662,3.2326283454895,3.64730882644653,1.39632248878479
663,3.23378586769104,0.277231335639954,1.09150350093842
664,3.23493981361389,2.7973153591156,3.55452418327332
665,3.23609018325806,1.32303977012634,0.803232789039612
666,3.23723721504211,0.577795505523682,2.4958381652832
667,3.23838090896606,0.782515406608582,4.41608905792236
668,3.23952102661133,2.17699074745178,1.46624827384949
669,3.24065780639648,3.57584762573242,1.93913602828979
670,3.24179100990295,0.273346900939941,1.66990423202515
671,3.2429211139679,2.35445404052734,0.917930603027344
672,3.24404764175415,1.93917417526245,1.1664092540741
673,3.2451708316803,2.76042604446411,0.944076776504517
674,3.24035596847534,3.41969060897827,4.21164035797119
675,3.23555564880371,2.0791802406311,4.80636501312256
676,3.23668646812439,3.74124956130981,2.0411422252655
677,3.23781394958496,3.76611423492432,0.0877749919891357
678,3.23893809318542,1.60919761657715,0.545873045921326
679,3.24005889892578,1.5588059425354,0.267395973205566
680,3.23529410362244,4.86741828918457,2.88400316238403
681,3.23054337501526,4.6064624786377,2.76179337501526
682,3.23167157173157,0.212512016296387,3.38038563728333
683,3.22693991661072,2.42808437347412,4.52517700195313
684,3.22807025909424,1.11128032207489,2.87100291252136
685,3.22335767745972,2.64321827888489,4.75589656829834
686,3.22448968887329,4.08698844909668,1.49532699584961
687,3.22561860084534,4.16857242584229,0.737509727478027
688,3.22093033790588,4.07409763336182,4.16624736785889
689,3.22206091880798,1.2470006942749,3.8999879360199
690,3.22318840026855,2.93303227424622,1.9990017414093
691,3.22431254386902,4.37061214447021,1.24319791793823
692,3.22543358802795,2.26387882232666,2.56962442398071
693,3.22655129432678,3.67777109146118,0.861749649047852
694,3.2276656627655,2.03154540061951,4.02507591247559
695,3.22302150726318,2.90126466751099,4.18501615524292
696,3.22413802146912,2.0500705242157,1.64622330665588
697,3.21951222419739,3.04027414321899,4.4433708190918
698,3.22063040733337,2.55733466148376,3.07820582389832
699,3.22174525260925,0.999791026115417,4.65812587738037
700,3.22285723686218,3.11914706230164,3.22478532791138
701,3.22396564483643,2.11423254013062,4.23000288009644
702,3.22507119178772,2.31047248840332,0.022086501121521
703,3.22048354148865,3.39641284942627,4.27551317214966
704,3.22159099578857,0.529860258102417,1.54279685020447
705,3.21702122688293,3.98830699920654,4.34424161911011
706,3.21813035011292,3.37008476257324,2.81644558906555
707,3.21923613548279,1.48825192451477,1.92183399200439
708,3.21468925476074,3.80784940719604,4.26423072814941
709,3.21579694747925,2.36471438407898,3.30032873153687
710,3.21690130233765,0.870141983032227,2.21431279182434
711,3.21237683296204,4.27573585510254,4.80043125152588
712,3.21348309516907,0.9993577003479,4.75138187408447
713,3.21458625793457,0.864366888999939,4.46564483642578
714,3.21568632125854,1.4402129650116,0.341717004776001
715,3.21678328514099,0.575487017631531,3.92437696456909
716,3.2122905254364,4.22917079925537,3.91833662986755
717,3.2133891582489,4.09028005599976,2.27679347991943
718,3.20891356468201,4.2603588104248,3.21938991546631
719,3.21001386642456,0.698386430740356,4.30997371673584
720,3.21111106872559,1.63380289077759,3.47972750663757
721,3.20665740966797,2.46083474159241,4.93426895141602
722,3.20775628089905,3.70891141891479,2.57382726669312
723,3.2088520526886,1.59633541107178,4.6746711730957
724,3.20994472503662,0.0927156209945679,4.71942377090454
725,3.20551729202271,4.86925983428955,2.76651525497437
726,3.20661163330078,2.30947828292847,2.21124792098999
727,3.2022008895874,4.26201868057251,4.35825061798096
728,3.20329666137695,0.779954195022583,1.41065502166748
729,3.19890260696411,4.81352281570435,1.81754493713379
730,3.20000004768372,4.58137607574463,1.83344507217407
731,3.20109438896179,0.792297720909119,0.388461947441101
732,3.20218586921692,1.01728677749634,1.87138891220093
733,3.20327425003052,2.70708107948303,1.02391541004181
734,3.20435976982117,1.96766829490662,4.5093035697937
735,3.20544219017029,1.05570733547211,3.30795335769653
736,3.20652174949646,3.66514563560486,2.93247842788696
737,3.20759844779968,0.245011448860168,3.27595591545105
738,3.20867204666138,3.8623423576355,1.03046238422394
739,3.20974278450012,0.982857346534729,3.63991618156433
740,3.2108108997345,2.24017119407654,2.84301495552063
741,3.20647764205933,2.93910360336304,4.34818315505981
742,3.20754718780518,2.12933802604675,0.270472168922424
743,3.2086136341095,1.57255554199219,3.88484287261963
744,3.20967745780945,0.0944286584854126,3.98431539535522
745,3.21073818206787,2.29401087760925,2.6213743686676
746,3.21179628372192,3.49150943756104,2.1817615032196
747,3.21285152435303,1.5712263584137,0.615182518959045
748,3.20855617523193,4.81355381011963,2.48814368247986
749,3.20961284637451,4.54956436157227,1.85466909408569
750,3.21066665649414,1.68847107887268,1.77021765708923
751,3.21171760559082,2.74280285835266,0.690515041351318
752,3.21276593208313,3.35684823989868,2.86643052101135
753,3.21381139755249,0.370899438858032,3.72320055961609
754,3.20954918861389,3.65662527084351,4.24428224563599
755,3.21059608459473,3.61143946647644,3.1678991317749
756,3.21164011955261,0.246273875236511,2.50928902626038
757,3.21268153190613,3.51295113563538,1.28148579597473
758,3.20844316482544,4.71666717529297,3.01510906219482
759,3.20948624610901,3.81757783889771,1.1521989107132
760,3.21052622795105,2.51553273200989,0.701647996902466
761,3.2115638256073,1.54078340530396,0.391857624053955
762,3.21259832382202,0.951120853424072,1.62128710746765
763,3.21363043785095,1.45226621627808,4.17061710357666
764,3.21465969085693,3.27952098846436,0.290547609329224
765,3.21045756340027,4.78707027435303,4.8023533821106
766,3.20626640319824,3.77768874168396,3.48776626586914
767,3.20730113983154,1.36818313598633,4.58991003036499
768,3.20833325386047,1.633624792099,3.61078786849976
769,3.20936274528503,1.04554414749146,1.2797155380249
770,3.21038961410522,1.28298306465149,4.48367881774902
771,3.20622563362122,3.71196150779724,3.79199385643005
772,3.20725393295288,1.98882961273193,3.14328908920288
773,3.2082793712616,0.729501843452454,2.24202537536621
774,3.20930242538452,2.28786563873291,4.3480052947998
775,3.2103226184845,1.19008421897888,0.204105973243713
776,3.2113401889801,3.43956899642944,2.01066994667053
777,3.21235513687134,4.04317903518677,0.544001460075378
778,3.21336770057678,1.06282114982605,3.9117169380188
779,3.21437740325928,3.52711319923401,1.13616645336151
780,3.21538472175598,1.09049081802368,1.70753026008606
781,3.21638917922974,2.52712273597717,0.0108963251113892
782,3.2173912525177,2.35425019264221,1.1797034740448
783,3.21839070320129,3.50631475448608,1.18795454502106
784,3.2193877696991,4.14901828765869,1.6378345489502
785,3.22038221359253,0.866101384162903,4.51468515396118
786,3.22137403488159,3.66992473602295,2.37916970252991
787,3.22236347198486,3.75440716743469,2.47628784179688
788,3.22335028648376,2.63398504257202,1.69817113876343
789,3.21926498413086,4.54751396179199,4.81551742553711
790,3.22025322914124,0.162793397903442,4.98564672470093
791,3.2161819934845,4.01623821258545,4.92537403106689
792,3.21717166900635,3.06181764602661,0.967175960540771
793,3.21815896034241,1.73530673980713,1.38059639930725
794,3.21410584449768,2.65795207023621,4.79042482376099
795,3.21509432792664,4.61307287216187,0.697835087776184
796,3.2160804271698,4.1972188949585,1.33113527297974
797,3.21706390380859,0.778485536575317,1.69596171379089
798,3.2180449962616,1.51443696022034,0.1840740442276
799,3.21902370452881,4.22542667388916,0.0624454021453857
800,3.22000002861023,0.0107616186141968,2.17090106010437
801,3.22097373008728,3.30558109283447,1.99854755401611
802,3.22194504737854,1.63592720031738,0.874571800231934
803,3.21793270111084,3.82420015335083,3.35192394256592
804,3.21890544891357,2.78222107887268,0.703308582305908
805,3.21987581253052,4.7678861618042,0.239331722259521
806,3.21588087081909,4.70784378051758,3.7753963470459
807,3.21685242652893,0.809003710746765,3.45558834075928
808,3.21782183647156,2.62667751312256,1.0603803396225
809,3.21384429931641,4.51732063293457,3.904381275177
810,3.21481490135193,2.45683455467224,1.68314838409424
811,3.21085071563721,3.07727193832397,4.9347357749939
812,3.20689654350281,1.34090042114258,4.90825843811035
813,3.20787215232849,3.38546800613403,1.23004972934723
814,3.2088451385498,1.24356687068939,3.34776401519775
815,3.20490789413452,3.69585156440735,4.59088897705078
816,3.20588231086731,1.26135492324829,3.59489798545837
817,3.20685434341431,0.0462990999221802,1.80510377883911
818,3.20293402671814,4.81782913208008,4.12230396270752
819,3.20390725135803,3.83465647697449,0.269817113876343
820,3.20000004768372,1.44765877723694,4.98685932159424
821,3.19610238075256,4.18966722488403,2.97971868515015
822,3.19708037376404,0.236961245536804,4.82502269744873
823,3.19805598258972,3.16545248031616,2.02052330970764
824,3.19902920722961,3.95370125770569,2.61212563514709
825,3.20000004768372,2.01477432250977,1.32149076461792
826,3.20096850395203,4.87946605682373,0.568225383758545
827,3.20193481445313,2.235102891922,4.01636219024658
828,3.1980676651001,4.63069534301758,3.07407832145691
829,3.19903492927551,2.22131156921387,0.270880460739136
830,3.20000004768372,2.73645615577698,3.51019978523254
831,3.20096278190613,0.543664693832397,3.37976574897766
832,3.19711542129517,2.07534456253052,4.777259349823
833,3.19807934761047,4.56067752838135,1.41117072105408
834,3.19904065132141,4.09691286087036,0.128554105758667
835,3.20000004768372,1.29558777809143,4.69959735870361
836,3.19617223739624,4.70672178268433,3.79094409942627
837,3.19713258743286,1.10533595085144,1.37662553787231
838,3.19809079170227,4.2216854095459,2.09525012969971
839,3.19427895545959,3.00282144546509,4.92138147354126
840,3.19523811340332,3.35543918609619,1.93542742729187
841,3.19619488716125,2.35032105445862,4.13537502288818
842,3.19714975357056,3.70843887329102,2.09354138374329
843,3.19810199737549,2.39421939849854,2.07930779457092
844,3.19905209541321,4.37959384918213,0.106186866760254
845,3.20000004768372,2.71776938438416,2.72638463973999
846,3.19621753692627,4.12138557434082,4.21309280395508
847,3.19716644287109,1.15047991275787,3.09372210502625
848,3.19811320304871,1.75885820388794,2.21114063262939
849,3.19905781745911,0.534255504608154,2.06555223464966
850,3.20000004768372,3.28759241104126,2.72089576721191
851,3.20094013214111,2.63822054862976,2.05738878250122
852,3.20187783241272,0.802319645881653,1.50545501708984
853,3.20281362533569,1.92275261878967,2.24977278709412
854,3.20374703407288,1.34515500068665,3.13115406036377
855,3.20467829704285,0.171657800674438,4.86255264282227
856,3.20560741424561,1.3715443611145,1.52723455429077
857,3.20653438568115,0.723246932029724,3.75425386428833
858,3.20745921134949,0.397378206253052,4.42464780807495
859,3.20838189125061,3.61823320388794,0.0613713264465332
860,3.20465111732483,4.66013813018799,4.48172569274902
861,3.20557498931885,2.39728784561157,2.14541172981262
862,3.20649647712708,0.93157947063446,4.84962177276611
863,3.20741605758667,1.04594767093658,1.51080274581909
864,3.20833325386047,1.60997605323792,1.66289186477661
865,3.20924854278564,3.2505087852478,2.58919382095337
866,3.2101616859436,1.32329559326172,1.49016284942627
867,3.21107268333435,4.71586465835571,0.710101723670959
868,3.21198153495789,1.99731683731079,1.44443011283875
869,3.21288847923279,2.53794097900391,3.31975340843201
870,3.2137930393219,0.414102077484131,2.44893050193787
871,3.21469569206238,0.38755476474762,2.75763893127441
872,3.21100926399231,4.10819816589355,3.37236452102661
873,3.2119128704071,0.134677290916443,0.304721593856812
874,3.21281456947327,1.35594749450684,2.28700661659241
875,3.2091429233551,3.77407431602478,3.98597121238709
876,3.21004557609558,1.38738536834717,0.459166169166565
877,3.20638537406921,4.21493053436279,4.29448795318604
878,3.20728921890259,1.50428438186646,3.72181057929993
879,3.20819115638733,0.928471088409424,4.33961629867554
880,3.20909094810486,3.61303925514221,0.420824885368347
881,3.20998859405518,3.43867182731628,2.73008966445923
882,3.21088433265686,2.71110200881958,2.86485886573792
883,3.21177792549133,4.40689086914063,1.68932890892029
884,3.20814490318298,4.99759721755981,4.29150867462158
885,3.20903944969177,4.06443214416504,0.882603526115417
886,3.20993232727051,2.92999172210693,0.779757499694824
887,3.21082305908203,0.669832229614258,0.67280650138855
888,3.21171164512634,3.07088160514832,3.86889743804932
889,3.21259832382202,2.91058206558228,3.14476251602173
890,3.21348309516907,3.24487209320068,1.78185796737671
891,3.21436595916748,4.33694839477539,2.35677695274353
892,3.21524667739868,3.42594265937805,0.732629299163818
893,3.21612548828125,2.80838513374329,2.92451238632202
894,3.21700215339661,3.08660888671875,0.337002873420715
895,3.21787714958191,1.22990489006042,1.86421012878418
896,3.21875,0.934014916419983,1.77475070953369
897,3.21962094306946,1.27351856231689,2.22731256484985
898,3.22048997879028,0.524674654006958,3.13542556762695
899,3.22135710716248,2.13597083091736,0.624944567680359
900,3.22222232818604,0.955806374549866,3.97751569747925
901,3.22308540344238,0.58014988899231,2.45500588417053
902,3.22394680976868,0.363668203353882,0.262126922607422
903,3.22037649154663,3.66025924682617,4.26024150848389
904,3.2168140411377,4.57419013977051,2.26600027084351
905,3.21767950057983,2.59787654876709,1.63333630561829
906,3.21854305267334,2.70215129852295,1.25831699371338
907,3.21499443054199,3.55086040496826,3.85997176170349
908,3.21585893630981,3.91657590866089,1.93265891075134
909,3.21232128143311,4.71594047546387,4.14700984954834
910,3.21318674087524,4.65968036651611,0.165058374404907
911,3.20965981483459,2.87715291976929,4.14092922210693
912,3.21052622795105,3.44139814376831,0.555899143218994
913,3.21139097213745,4.34594678878784,0.207237005233765
914,3.21225380897522,0.235850214958191,4.09503221511841
915,3.21311473846436,1.72616982460022,1.25633859634399
916,3.21397376060486,1.17904841899872,3.97242188453674
917,3.21046900749207,4.6358699798584,2.19643139839172
918,3.20697164535522,4.76276206970215,3.1417875289917
919,3.20783472061157,1.57261276245117,4.44619607925415
920,3.20434784889221,4.91443586349487,2.97645354270935
921,3.2052116394043,2.71170997619629,4.15707492828369
922,3.20607376098633,3.45196199417114,1.86702036857605
923,3.20693397521973,3.75302076339722,2.15392017364502
924,3.20346331596375,3.65125179290771,4.9954252243042
925,3.20000004768372,4.93631172180176,4.51963043212891
926,3.2008638381958,3.59048366546631,2.64701700210571
927,3.19741106033325,2.98790001869202,4.31416320800781
928,3.19827580451965,3.72055292129517,0.618911385536194
929,3.199138879776,3.71103477478027,0.820104479789734
930,3.20000004768372,1.5796103477478,4.51948738098145
931,3.2008593082428,2.94785642623901,2.20509147644043
932,3.19742488861084,4.8723292350769,2.48682045936584
933,3.19399785995483,3.09407567977905,3.9337694644928
934,3.1948606967926,0.0159800052642822,0.610764026641846
935,3.19572186470032,0.63550591468811,4.76304721832275
936,3.1965811252594,4.64935350418091,1.44589400291443
937,3.19316959381104,3.69963836669922,4.37593221664429
938,3.19402980804443,1.44030833244324,3.28457117080688
939,3.19062829017639,4.95150184631348,2.47385287284851
940,3.19148945808411,3.39578628540039,3.34345626831055
941,3.19234848022461,3.06454801559448,1.76061415672302
942,3.19320583343506,0.613817572593689,0.204101800918579
943,3.19406151771545,1.1167311668396,0.346406698226929
944,3.19491529464722,0.504603981971741,3.01959776878357
945,3.19576716423035,4.12436056137085,0.840622186660767
946,3.19238901138306,3.29762744903564,4.35151624679565
947,3.1932418346405,0.953158736228943,4.59217357635498
948,3.19409275054932,2.45380544662476,3.89585304260254
949,3.19072699546814,2.52359771728516,4.9866886138916
950,3.19157886505127,3.93948197364807,1.23750984668732
951,3.18822288513184,3.53646159172058,4.76963758468628
952,3.18907570838928,2.39037251472473,1.39709973335266
953,3.1899266242981,2.05953025817871,0.34199595451355
954,3.1865828037262,4.73040294647217,2.38375568389893
955,3.18743467330933,2.12662792205811,2.14298224449158
956,3.18410038948059,2.8973183631897,4.26857709884644
957,3.18495297431946,3.38181138038635,0.132264494895935
958,3.18580365180969,2.44985008239746,3.70962381362915
959,3.18665266036987,4.46811580657959,1.57732105255127
960,3.1875,1.44397878646851,4.48882007598877
961,3.18834543228149,1.40899872779846,1.86748051643372
962,3.18918919563293,4.67388153076172,0.606027841567993
963,3.19003105163574,4.87250709533691,0.854794383049011
964,3.19087147712708,3.80650520324707,2.54557466506958
965,3.1917097568512,1.96015572547913,2.40470910072327
966,3.18840575218201,2.88912153244019,4.14562511444092
967,3.18924498558044,4.18984174728394,0.0613582134246826
968,3.18595051765442,4.63608932495117,2.37454390525818
969,3.18679046630859,1.76308536529541,1.84859299659729
970,3.18762898445129,0.190848708152771,1.50941276550293
971,3.18846559524536,1.8261775970459,1.55088043212891
972,3.1851851940155,4.96943473815918,4.46095848083496
973,3.18602252006531,1.44811487197876,1.22441053390503
974,3.18685841560364,3.25399923324585,3.36787939071655
975,3.18358969688416,3.00761318206787,4.25946950912476
976,3.18032789230347,2.80046725273132,4.71584320068359
977,3.18116688728333,4.33351564407349,0.37514865398407
978,3.17791414260864,3.62748193740845,3.69670104980469
979,3.17875385284424,1.0621440410614,0.447947382926941
980,3.17959189414978,2.61957192420959,3.16054344177246
981,3.18042802810669,0.766627788543701,2.03975534439087
982,3.18126273155212,1.40780663490295,3.5163402557373
983,3.1780264377594,3.95546913146973,4.21960306167603
984,3.17479681968689,2.14650964736938,4.99818801879883
985,3.17563462257385,4.34293937683105,0.18657386302948
986,3.17647051811218,4.84053325653076,0.35774290561676
987,3.17730498313904,2.6393940448761,2.97662878036499
988,3.17813754081726,4.53852462768555,0.892765522003174
989,3.17492413520813,4.13234281539917,2.95410370826721
990,3.17575764656067,3.96052312850952,2.27671360969543
991,3.17658925056458,2.88930559158325,2.07464194297791
992,3.17741942405701,1.69824814796448,3.28439426422119
993,3.17824769020081,4.27039813995361,1.26863217353821
994,3.17907452583313,2.886559009552,3.02130365371704
995,3.17989945411682,2.80081534385681,1.9129433631897
996,3.18072295188904,0.926401615142822,0.495635867118835
997,3.18154454231262,3.99356555938721,0.9527987241745
998,3.17835664749146,2.53090167045593,4.60771608352661
999,3.17917919158936,1.56545615196228,1.94390439987183
1000,3.1800000667572,2.13858461380005,4.08544158935547
1001,3.180819272995,4.26991939544678,1.04367017745972
1002,3.17764472961426,1.46979475021362,4.94738054275513
1003,3.17846465110779,4.4465537071228,1.5880753993988
1004,3.17928290367126,4.73603057861328,0.663989186286926
1005,3.18009948730469,0.450617074966431,3.9196252822876
1006,3.17693829536438,4.26068258285522,3.7957329750061
1007,3.17378354072571,3.3298487663269,4.96464490890503
1008,3.17460322380066,2.40715003013611,2.2537055015564
1009,3.17542123794556,4.4250316619873,0.0087738037109375
1010,3.1762375831604,1.52380919456482,4.1217041015625
1011,3.17705249786377,4.63188219070435,1.75381684303284
1012,3.17391300201416,3.36592197418213,3.83539152145386
1013,3.17472863197327,3.8778920173645,3.09513592720032
1014,3.1715977191925,4.71308946609497,1.96901941299438
1015,3.17241382598877,3.3117938041687,0.00424504280090332
1016,3.17322826385498,2.1479377746582,2.03677797317505
1017,3.17404127120972,3.19276857376099,1.28827357292175
1018,3.1748526096344,0.958715677261353,0.0539970397949219
1019,3.1717369556427,3.80734205245972,3.84216260910034
1020,3.16862750053406,4.99240207672119,4.34143924713135
1021,3.16552400588989,4.93446588516235,3.82254552841187
1022,3.16242671012878,4.8512077331543,2.23541641235352
1023,3.16324543952942,1.09406411647797,2.15133571624756
1024,3.1640625,1.2774612903595,0.246319174766541
1025,3.16487812995911,1.39639234542847,3.88658237457275
1026,3.16179347038269,4.22575664520264,3.15302014350891
1027,3.15871477127075,2.7723970413208,4.5833044052124
1028,3.15953302383423,0.809026956558228,2.1664342880249
1029,3.16034984588623,0.426554083824158,3.19767045974731
1030,3.16116499900818,1.23293936252594,2.41804695129395
1031,3.16197872161865,0.346735119819641,0.0402587652206421
1032,3.16279077529907,2.38504981994629,2.35136890411377
1033,3.15972900390625,4.43997144699097,4.86987781524658
1034,3.16054153442383,2.68326616287231,0.22604763507843
1035,3.16135263442993,3.889732837677,2.70784997940063
1036,3.16216206550598,2.27664089202881,2.43139123916626
1037,3.16297006607056,3.83804273605347,1.3479790687561
1038,3.16377639770508,0.244092345237732,4.87191438674927
1039,3.16458129882813,4.27348518371582,2.23558926582336
1040,3.16538453102112,3.67659616470337,0.961455702781677
1041,3.16618633270264,2.66111397743225,3.90644836425781
1042,3.1669864654541,1.58871269226074,4.69497728347778
1043,3.16778516769409,0.468944907188416,4.25829696655273
1044,3.16858243942261,0.785319805145264,2.51081013679504
1045,3.16937804222107,0.485911965370178,2.08857560157776
1046,3.17017197608948,4.95198726654053,0.182715058326721
1047,3.17096471786499,1.74122309684753,0.249177217483521
1048,3.17175579071045,1.55295348167419,3.83252668380737
1049,3.17254519462585,0.938052535057068,1.8517735004425
1050,3.17333340644836,2.6168897151947,0.141939520835876
1051,3.17411994934082,3.68191051483154,0.817951560020447
1052,3.17110276222229,3.13489007949829,4.83564424514771
1053,3.1718897819519,1.44507265090942,2.09516620635986
1054,3.17267560958862,1.93848633766174,1.65413594245911
1055,3.17345976829529,2.34392309188843,3.30217003822327
1056,3.17045450210571,3.63296794891357,3.88208627700806
1057,3.16745495796204,4.5998740196228,2.68016481399536
1058,3.16824197769165,2.85117173194885,3.63104152679443
1059,3.16902732849121,2.81560564041138,1.36560583114624
1060,3.1698112487793,4.38215065002441,1.42793989181519
1061,3.17059373855591,1.82351613044739,3.64608645439148
1062,3.17137479782104,2.52248024940491,0.0167936086654663
1063,3.16839122772217,4.93265104293823,3.26327681541443
1064,3.16917300224304,2.33572030067444,4.2058048248291
1065,3.16995310783386,3.29427480697632,0.406742691993713
1066,3.16697931289673,2.74497771263123,4.80809783935547
1067,3.16776013374329,0.0180858373641968,4.36826753616333
1068,3.16853928565979,4.02550935745239,1.79932570457459
1069,3.16931700706482,2.6929976940155,2.4930145740509
1070,3.17009353637695,1.12497210502625,3.22744250297546
1071,3.16713356971741,4.7492151260376,4.22558259963989
1072,3.16791033744812,1.22734904289246,1.82223343849182
1073,3.16495800018311,3.62453651428223,4.09601497650146
1074,3.16573548316956,0.158745646476746,1.3940110206604
1075,3.16651153564453,1.99055814743042,1.04171514511108
1076,3.16728615760803,2.85006260871887,2.67041230201721
1077,3.16805934906006,0.161595344543457,3.05622673034668
1078,3.16883111000061,4.62459754943848,1.2910315990448
1079,3.16960144042969,0.780648589134216,3.05288696289063
1080,3.17037034034729,3.60010743141174,1.80928611755371
1081,3.17113780975342,3.1534481048584,2.47146821022034
1082,3.17190384864807,3.67851972579956,1.79663681983948
1083,3.17266845703125,0.12290894985199,3.60843133926392
1084,3.1697416305542,4.25899696350098,2.87715339660645
1085,3.17050695419312,2.53375673294067,0.558444857597351
1086,3.16758751869202,4.62988901138306,4.64748907089233
1087,3.16835331916809,2.55362892150879,4.07671546936035
1088,3.16911768913269,2.24611616134644,3.84973812103271
1089,3.16988062858582,0.951036214828491,4.07533597946167
1090,3.17064213752747,2.31722450256348,3.94224214553833
1091,3.17140245437622,4.97549438476563,0.0260680913925171
1092,3.17216110229492,4.29764032363892,2.35632085800171
1093,3.17291855812073,2.91918778419495,1.52282452583313
1094,3.17367458343506,4.20465898513794,2.04540038108826
1095,3.17442917823792,0.741046667098999,0.243040919303894
1096,3.17153286933899,4.85760307312012,1.82394123077393
1097,3.1686418056488,4.81108570098877,4.49706983566284
1098,3.16575598716736,3.07259345054626,4.09073543548584
1099,3.16287541389465,4.38745307922363,3.48544406890869
1100,3.16363644599915,0.486524105072021,2.5260124206543
1101,3.16439604759216,2.32379651069641,3.53349089622498
1102,3.16152453422546,4.1151819229126,4.22797250747681
1103,3.16228461265564,4.42825603485107,1.7965350151062
1104,3.16304349899292,1.44852137565613,2.35250973701477
1105,3.16380095481873,0.927792191505432,1.76961207389832
1106,3.16455698013306,2.10838103294373,0.346963405609131
1107,3.16169834136963,2.31240487098694,4.62939929962158
1108,3.16245484352112,3.24188661575317,1.7567195892334
1109,3.16321015357971,2.59338235855103,0.462910532951355
1110,3.16036033630371,4.63494682312012,2.95350217819214
1111,3.15751576423645,4.54492282867432,2.32689476013184
1112,3.15827345848084,2.98256134986877,3.92160654067993
1113,3.15902972221375,2.62892460823059,1.12183809280396
1114,3.15978455543518,4.37338924407959,0.286009311676025
1115,3.16053819656372,1.73788809776306,4.08805084228516
1116,3.16129040718079,2.69827151298523,3.29915881156921
1117,3.15846014022827,2.50726795196533,4.951331615448
1118,3.1592128276825,2.86057734489441,3.13762378692627
1119,3.15996432304382,4.81668567657471,0.0667542219161987
1120,3.15714287757874,2.91902756690979,4.74174880981445
1121,3.15789484977722,3.09497499465942,0.253201723098755
1122,3.15864539146423,4.87698841094971,0.639649629592896
1123,3.15939450263977,0.199569463729858,4.46223783493042
1124,3.16014242172241,3.68698883056641,2.36384534835815
1125,3.16088891029358,2.38234496116638,3.5225658416748
1126,3.16163420677185,1.61935782432556,3.47114372253418
1127,3.16237807273865,0.393568873405457,3.04665350914001
1128,3.16312050819397,1.01321280002594,1.52159070968628
1129,3.1638617515564,1.78663635253906,2.75582695007324
1130,3.16460180282593,4.60478830337524,1.07597768306732
1131,3.16180372238159,2.80507659912109,4.71948432922363
1132,3.16254425048828,1.86917638778687,3.81768465042114
1133,3.1632833480835,1.31203079223633,3.04135823249817
1134,3.16402125358582,1.32088804244995,4.1925630569458
1135,3.16475772857666,4.60754156112671,0.917807221412659
1136,3.16549301147461,1.8189754486084,3.49800705909729
1137,3.16622686386108,4.46332359313965,2.14163517951965
1138,3.16695952415466,4.11509323120117,1.43497204780579
1139,3.16769099235535,1.86063265800476,4.26164054870605
1140,3.16842103004456,1.4499351978302,1.05962216854095
1141,3.16564416885376,4.61070919036865,3.94618082046509
1142,3.16637468338013,1.27132797241211,1.29259729385376
1143,3.1671040058136,1.86680102348328,4.555504322052
1144,3.16783213615417,1.53327441215515,0.234571099281311
1145,3.16855883598328,0.375900268554688,1.93806862831116
1146,3.16928458213806,1.16478741168976,1.66103935241699
1147,3.16652131080627,4.17631435394287,4.98644399642944
1148,3.16376304626465,2.91112208366394,4.21182584762573
1149,3.1610095500946,3.66086602210999,4.22318172454834
1150,3.15826082229614,4.3076343536377,2.67845416069031
1151,3.15899229049683,3.22711825370789,3.5075044631958
1152,3.15972232818604,3.91744613647461,2.83748722076416
1153,3.16045093536377,3.24015140533447,1.6022584438324
1154,3.15771222114563,4.711754322052,3.21928143501282
1155,3.1584415435791,1.05002462863922,1.99532890319824
1156,3.1591694355011,4.18181610107422,0.426487922668457
1157,3.15989637374878,1.71981239318848,4.04889535903931
1158,3.16062164306641,1.59045362472534,2.59023880958557
1159,3.16134595870972,3.80445289611816,0.356897711753845
1160,3.16206908226013,0.703461170196533,3.08281278610229
1161,3.15934538841248,3.01573967933655,4.22670412063599
1162,3.16006875038147,0.139462947845459,4.97215175628662
1163,3.16079115867615,1.00405514240265,3.41303706169128
1164,3.16151213645935,2.87610864639282,4.02919769287109
1165,3.16223168373108,2.76652669906616,0.0707817077636719
1166,3.16295027732849,2.74491453170776,4.15497779846191
1167,3.16366744041443,2.88931512832642,0.716692805290222
1168,3.16095900535584,4.27386856079102,3.78130626678467
1169,3.16167664527893,4.08481407165527,2.49059534072876
1170,3.15897440910339,4.44366836547852,4.09640073776245
1171,3.15969252586365,2.23876929283142,0.167098045349121
1172,3.16040945053101,4.34591341018677,1.43829798698425
1173,3.16112542152405,0.806548595428467,1.50726699829102
1174,3.16183996200562,1.19792222976685,4.72509288787842
1175,3.16255331039429,3.96745491027832,2.93899989128113
1176,3.16326522827148,1.46103358268738,1.66692233085632
1177,3.16397619247437,3.07487988471985,1.62461543083191
1178,3.16468596458435,1.53737926483154,2.79472255706787
1179,3.16539430618286,2.03482532501221,3.4851245880127
1180,3.16610169410706,2.40114545822144,0.863456726074219
1181,3.16680788993835,2.00955176353455,0.828595757484436
1182,3.16412854194641,4.27911376953125,2.70515060424805
1183,3.16483521461487,0.700766444206238,3.21177124977112
1184,3.16554045677185,2.76488208770752,0.429716110229492
1185,3.1628692150116,3.50423216819763,4.5218186378479
1186,3.16357493400574,2.0744993686676,3.96745800971985
1187,3.16427969932556,1.20679020881653,1.02752923965454
1188,3.16498327255249,1.06163680553436,2.76422953605652
1189,3.16568541526794,1.11614108085632,3.41905641555786
1190,3.16638660430908,3.94532442092896,1.45464205741882
1191,3.16708636283875,0.284563899040222,2.33065342903137
1192,3.16778516769409,3.64601182937622,0.31356155872345
1193,3.16848278045654,4.11444234848022,0.931841731071472
1194,3.16582918167114,3.68925619125366,4.48982238769531
1195,3.16652727127075,0.0263559818267822,0.95388650894165
1196,3.16387963294983,4.86650085449219,3.12078857421875
1197,3.16123652458191,2.59734058380127,4.66439199447632
1198,3.16193652153015,2.80797219276428,0.87248682975769
1199,3.16263556480408,0.114398002624512,3.37305665016174
1200,3.16333341598511,0.171812176704407,0.409346222877502
1201,3.16403007507324,3.05379056930542,2.35228800773621
1202,3.16472554206848,4.08640193939209,0.591314435005188
1203,3.16541981697083,1.02279901504517,3.1702446937561
1204,3.16611289978027,3.06692504882813,3.11617755889893
1205,3.16680502891541,1.3942596912384,1.56727528572083
1206,3.16749596595764,0.483672618865967,1.20104908943176
1207,3.1681854724884,2.16389918327332,1.54228782653809
1208,3.16887426376343,2.08920931816101,2.21471524238586
1209,3.16956162452698,0.0375521183013916,1.11919820308685
1210,3.17024803161621,0.626568198204041,3.48663568496704
1211,3.1676299571991,4.28714036941528,2.76869797706604
1212,3.16831684112549,0.274072885513306,3.90680599212646
1213,3.16900253295898,0.105936527252197,0.687105059623718
1214,3.1663920879364,4.11863851547241,4.85170745849609
1215,3.16707825660706,1.23263299465179,1.80389857292175
1216,3.16776323318481,2.22936773300171,1.37799000740051
1217,3.16844701766968,2.68851375579834,0.257443785667419
1218,3.16912961006165,0.337004661560059,1.74317097663879
1219,3.16652989387512,4.65718507766724,2.61297845840454
1220,3.16721320152283,0.684230923652649,4.52264547348022
1221,3.16789507865906,3.44817209243774,0.431586503982544
1222,3.16857600212097,3.041175365448,1.56722044944763
1223,3.16925597190857,2.46785664558411,1.22134566307068
1224,3.16993474960327,0.592482686042786,3.61678791046143
1225,3.1673469543457,3.60265016555786,4.88254451751709
1226,3.16802620887756,1.9204249382019,3.67611885070801
1227,3.16870427131653,0.16485333442688,2.72072696685791
1228,3.1693811416626,0.563942193984985,2.65973114967346
1229,3.17005705833435,3.00452566146851,1.98351120948792
1230,3.17073178291321,1.40924906730652,1.61632680892944
1231,3.17140531539917,2.54473185539246,2.65502238273621
1232,3.17207789421082,1.38464426994324,2.56621742248535
1233,3.17274928092957,3.19600343704224,2.92732095718384
1234,3.17017817497253,2.50186824798584,4.34615564346313
1235,3.17085027694702,1.83074378967285,2.6176176071167
1236,3.17152094841003,1.69034743309021,0.0506937503814697
1237,3.17219066619873,0.194247961044312,3.71696186065674
1238,3.17285943031311,3.73167991638184,2.20383977890015
1239,3.17352700233459,1.03491425514221,2.53426766395569
1240,3.17419362068176,1.20929479598999,4.71857023239136
1241,3.17485904693604,4.12130546569824,2.47058129310608
1242,3.17552328109741,3.28337383270264,1.07805371284485
1243,3.17618656158447,3.78612875938416,0.941225290298462
1244,3.17684888839722,0.956454873085022,4.00910806655884
1245,3.17751002311707,0.581071376800537,2.59748959541321
1246,3.1781702041626,0.790449380874634,0.911042094230652
1247,3.17882919311523,2.53065252304077,3.72260808944702
1248,3.17948722839355,1.18351995944977,2.66992831230164
1249,3.17694163322449,4.98066997528076,1.61039733886719
1250,3.17759990692139,0.0214296579360962,3.33665609359741
1251,3.17825746536255,1.19560122489929,0.993559956550598
1252,3.17891383171082,0.139124393463135,0.184561610221863
1253,3.17637658119202,1.66475868225098,4.89010429382324
1254,3.17703342437744,1.09128594398499,4.81562900543213
1255,3.17768931388855,0.717517733573914,1.70543217658997
1256,3.17834401130676,3.51430892944336,1.4773371219635
1257,3.17899751663208,0.230687856674194,3.70752453804016
1258,3.17965030670166,0.512073636054993,2.98719072341919
1259,3.18030190467834,3.63298773765564,0.369153618812561
1260,3.18095231056213,2.02302074432373,1.9332423210144
1261,3.18160200119019,2.97186827659607,0.729658007621765
1262,3.18225049972534,0.0422602891921997,1.90001344680786
1263,3.1828978061676,4.4035530090332,1.03230476379395
1264,3.18037962913513,2.75329446792603,4.4940881729126
1265,3.17786550521851,4.31270694732666,4.17665910720825
1266,3.17851495742798,1.17165684700012,3.21644735336304
1267,3.17916345596313,0.154731869697571,3.50572633743286
1268,3.1766562461853,2.15518021583557,4.80092573165894
1269,3.17415285110474,3.76379251480103,4.15290355682373
1270,3.17480325698853,3.97127270698547,2.17875814437866
1271,3.17545247077942,4.14766693115234,0.907564163208008
1272,3.176100730896,0.690263509750366,1.26340413093567
1273,3.17674779891968,0.36318302154541,0.556462407112122
1274,3.17739415168762,0.424841642379761,3.7684965133667
1275,3.17803931236267,0.256924629211426,0.2298903465271
1276,3.17868328094482,1.09279930591583,0.276474356651306
1277,3.17932653427124,0.773407816886902,4.30830049514771
1278,3.17996859550476,1.98343181610107,4.43299531936646
1279,3.17748236656189,4.65296173095703,2.47833633422852
1280,3.17812490463257,1.45517253875732,4.32447147369385
1281,3.17564392089844,4.22144937515259,4.11698293685913
1282,3.17628693580627,1.85189867019653,0.205758810043335
1283,3.17692899703979,0.45536994934082,1.42298555374146
1284,3.17445492744446,4.61467552185059,3.55394840240479
1285,3.17509722709656,0.0610369443893433,2.90355467796326
1286,3.17573881149292,0.0191569328308105,2.76124930381775
1287,3.17327117919922,2.93888783454895,4.54880619049072
1288,3.17391300201416,1.87695837020874,1.76175332069397
1289,3.17455387115479,2.49341869354248,2.58370900154114
1290,3.17519378662109,0.559619665145874,2.66234540939331
1291,3.17583274841309,3.48038196563721,2.71865344047546
1292,3.17647051811218,3.29922556877136,3.38457465171814
1293,3.17710757255554,3.24563932418823,3.56281566619873
1294,3.17774343490601,1.55560994148254,1.94106316566467
1295,3.17837834358215,0.26065468788147,4.23336791992188
1296,3.17901229858398,1.55896925926209,1.95030474662781
1297,3.1796452999115,1.20991885662079,0.344574451446533
1298,3.1802773475647,2.91961097717285,1.43306827545166
1299,3.1778290271759,4.51643991470337,3.63065719604492
1300,3.17538452148438,4.99200391769409,3.7580246925354
1301,3.17601847648621,1.08225047588348,4.84288311004639
1302,3.17665123939514,4.60231494903564,1.48795223236084
1303,3.17728328704834,1.71894884109497,0.0501799583435059
1304,3.17791414260864,1.29445099830627,4.28597354888916
1305,3.1754789352417,4.93967294692993,3.8327693939209
1306,3.17611026763916,3.4778356552124,2.71481895446777
1307,3.1767406463623,0.0122678279876709,2.17725300788879
1308,3.17737007141113,3.22636556625366,2.55569124221802
1309,3.17799854278564,3.63438844680786,0.395771861076355
1310,3.17862606048584,2.94427609443665,0.460416674613953
1311,3.17925238609314,1.18236780166626,2.36963415145874
1312,3.1798779964447,4.53585577011108,1.62474966049194
1313,3.18050265312195,2.29745364189148,3.22604942321777
1314,3.18112635612488,4.54848384857178,1.90442228317261
1315,3.18174910545349,4.27820014953613,2.11167120933533
1316,3.18237090110779,4.10595226287842,0.193946361541748
1317,3.18299174308777,0.909091234207153,4.35436534881592
1318,3.18361163139343,0.107663869857788,4.10109233856201
1319,3.18423056602478,2.83399081230164,0.603383183479309
1320,3.18484854698181,3.75479030609131,0.376411080360413
1321,3.18243765830994,3.56110382080078,4.21390533447266
1322,3.18305587768555,2.8046407699585,2.66467237472534
1323,3.18367338180542,2.34300351142883,0.548522472381592
1324,3.18428993225098,1.38833546638489,3.31439924240112
1325,3.1849057674408,2.16819500923157,1.21760129928589
1326,3.18250370025635,4.90235996246338,2.72228574752808
1327,3.18311977386475,2.74499440193176,0.558452606201172
1328,3.18072295188904,4.74371719360352,3.31004738807678
1329,3.18133926391602,4.40580940246582,1.47717213630676
1330,3.17894744873047,4.07130527496338,4.33251619338989
1331,3.1795642375946,0.442648530006409,3.69017887115479
1332,3.18018007278442,3.33455443382263,3.44206523895264
1333,3.18079519271851,1.73514103889465,2.90053033828735
1334,3.18140935897827,0.215914249420166,0.290367603302002
1335,3.18202257156372,2.43153309822083,0.449000000953674
1336,3.18263483047485,2.51571917533875,3.93872380256653
1337,3.18324613571167,4.3921799659729,0.542693138122559
1338,3.18385648727417,3.50935816764832,2.74670386314392
1339,3.18446612358093,1.03143036365509,4.60879230499268
1340,3.18208956718445,3.14982891082764,4.77629137039185
1341,3.17971658706665,4.98631763458252,4.48127174377441
1342,3.18032789230347,3.12415218353271,3.74395179748535
1343,3.18093824386597,3.55851364135742,3.2292628288269
1344,3.18154764175415,3.93576979637146,0.935894250869751
1345,3.18215608596802,0.212900638580322,4.72723722457886
1346,3.17979192733765,4.80476379394531,3.6557822227478
1347,3.18040084838867,3.03809380531311,0.617271661758423
1348,3.18100881576538,0.713469386100769,1.89424538612366
1349,3.18161606788635,0.342690944671631,1.37673234939575
1350,3.18222212791443,4.08989858627319,2.05550813674927
1351,3.18282747268677,0.473109483718872,3.2835578918457
1352,3.18343186378479,2.03795409202576,1.219402551651
1353,3.18403553962708,2.72693657875061,0.803036093711853
1354,3.18463802337646,0.925863981246948,4.21523523330688
1355,3.18523979187012,4.10578012466431,2.57013821601868
1356,3.18289089202881,4.39688396453857,3.64769816398621
1357,3.18054533004761,2.59220218658447,4.7394552230835
1358,3.18114876747131,3.92748880386353,3.03873038291931
1359,3.1817512512207,2.79917025566101,2.82669687271118
1360,3.17941164970398,3.45504760742188,3.68244123458862
1361,3.18001461029053,2.29745769500732,3.37628960609436
1362,3.17767977714539,4.73410701751709,2.53740453720093
1363,3.17534852027893,4.47091341018677,4.66741943359375
1364,3.17595314979553,2.29210162162781,4.2475152015686
1365,3.17655682563782,1.15673422813416,1.37728905677795
1366,3.17715954780579,0.569263100624084,4.45959615707397
1367,3.1748354434967,3.2579779624939,4.04520988464355
1368,3.17251467704773,4.36991214752197,2.96969389915466
1369,3.17311906814575,4.62191009521484,0.927718281745911
1370,3.17372274398804,1.86589336395264,4.24875450134277
1371,3.17432522773743,2.10167384147644,1.21601343154907
1372,3.17201161384583,1.93293428421021,4.89888858795166
1373,3.17261481285095,3.40973901748657,1.43784070014954
1374,3.17030572891235,4.97026824951172,1.02427363395691
1375,3.17090916633606,4.27555131912231,2.31338357925415
1376,3.17151165008545,3.11366891860962,0.336983799934387
1377,3.17211318016052,0.843872427940369,0.126523375511169
1378,3.17271399497986,3.02809262275696,2.91324353218079
1379,3.17331409454346,2.3417284488678,2.24020624160767
1380,3.17391300201416,3.86452150344849,0.501419305801392
1381,3.17451119422913,0.958021879196167,1.81480026245117
1382,3.17510843276978,0.651513934135437,4.39487171173096
1383,3.17570495605469,1.12568557262421,1.79429745674133
1384,3.17630052566528,2.23212218284607,4.35704708099365
1385,3.17689538002014,4.18186187744141,0.682063698768616
1386,3.17748928070068,4.09177780151367,2.05577874183655
1387,3.1751983165741,4.73882246017456,4.24890804290771
1388,3.17291069030762,4.8644871711731,2.87210369110107
1389,3.17350602149963,0.524697303771973,4.54573631286621
1390,3.17410063743591,0.4384845495224,3.97321343421936
1391,3.17469453811646,0.897009372711182,4.3659930229187
1392,3.1752872467041,0.802547931671143,1.16108298301697
1393,3.17300796508789,4.58374071121216,2.69923543930054
1394,3.1736011505127,0.738576054573059,2.85998320579529
1395,3.17419362068176,4.87462615966797,0.562041401863098
1396,3.17478513717651,0.192264318466187,4.85462284088135
1397,3.17537569999695,4.60909080505371,1.56766271591187
1398,3.17596554756165,0.412872433662415,2.77721738815308
1399,3.17655467987061,1.36282348632813,2.62961959838867
1400,3.17714285850525,3.24858856201172,1.31091737747192
1401,3.17773008346558,1.46435523033142,1.04306161403656
1402,3.17831659317017,4.00734949111938,2.20915699005127
1403,3.17605137825012,4.03548192977905,4.63358020782471
1404,3.17663812637329,1.90548801422119,0.232350826263428
1405,3.17722415924072,0.854384303092957,0.538535714149475
1406,3.17780947685242,2.43658447265625,3.47247648239136
1407,3.17839384078979,2.52270245552063,1.70980429649353
1408,3.17897725105286,1.0245007276535,1.4840521812439
1409,3.17955994606018,2.25676393508911,2.06982588768005
1410,3.18014192581177,4.40693378448486,0.210486054420471
1411,3.18072295188904,2.18184852600098,1.42745757102966
1412,3.18130302429199,1.91759204864502,3.23993396759033
1413,3.17905163764954,4.94012594223022,1.05158150196075
1414,3.17963218688965,2.75083518028259,1.68396687507629
1415,3.18021202087402,4.66709041595459,1.17042660713196
1416,3.18079090118408,0.952249765396118,0.776548981666565
1417,3.1813690662384,0.322768092155457,3.94979119300842
1418,3.18194651603699,0.536074638366699,4.93364763259888
1419,3.18252301216125,3.97920560836792,3.01266288757324
1420,3.18309855461121,1.19829535484314,4.09579849243164
1421,3.18367338180542,2.88581109046936,1.83640694618225
1422,3.1842474937439,0.310817956924438,2.02536964416504
1423,3.18482089042664,2.87054800987244,1.73125886917114
1424,3.18539333343506,2.768310546875,3.4712929725647
1425,3.18596482276917,4.44913578033447,1.67374157905579
1426,3.1837306022644,4.74657249450684,2.29740238189697
1427,3.18430280685425,3.73929929733276,1.51708817481995
1428,3.18487405776978,1.31386852264404,0.792500376701355
1429,3.18544435501099,1.0002475976944,2.5331118106842
1430,3.18601393699646,3.95609188079834,0.551236271858215
1431,3.1865828037262,0.551105141639709,2.53024482727051
1432,3.1871509552002,4.15595769882202,0.708236694335938
1433,3.18771815299988,0.770329833030701,0.0288355350494385
1434,3.18828463554382,0.186563730239868,0.312373638153076
1435,3.18885016441345,0.799877643585205,2.90717577934265
1436,3.18941497802734,1.74827909469604,0.046389102935791
1437,3.1899790763855,2.87912225723267,1.45552659034729
1438,3.19054245948792,1.33192992210388,2.19214940071106
1439,3.19110488891602,0.262961983680725,2.72551321983337
1440,3.19166660308838,2.97864699363709,1.26347804069519
1441,3.18945169448853,4.9192419052124,4.8694019317627
1442,3.19001388549805,4.89607381820679,0.752217769622803
1443,3.18780326843262,4.81497001647949,2.74282360076904
1444,3.18559551239014,2.87048316001892,4.3304615020752
1445,3.18615913391113,0.935205817222595,0.950867533683777
1446,3.18672204017639,2.60993218421936,0.194289684295654
1447,3.18728399276733,0.496199131011963,2.42583656311035
1448,3.18508291244507,4.41453838348389,2.8428373336792
1449,3.18564534187317,4.64269208908081,1.60329723358154
1450,3.18620681762695,0.940729379653931,0.29818594455719
1451,3.18676781654358,1.23409509658813,0.00294983386993408
1452,3.18732786178589,0.542991757392883,2.31883072853088
1453,3.18788719177246,2.80653214454651,0.639725923538208
1454,3.18844556808472,2.18135142326355,3.85837197303772
1455,3.18900346755981,3.14522862434387,0.249747037887573
1456,3.18681311607361,4.2806978225708,4.87677097320557
1457,3.18462586402893,4.14673042297363,3.69560432434082
1458,3.1851851940155,2.07189655303955,4.20998096466064
1459,3.18300199508667,4.60143566131592,4.42553043365479
1460,3.18082189559937,3.91453623771667,3.73295783996582
1461,3.17864465713501,3.33041667938232,4.96437978744507
1462,3.17647051811218,4.49236297607422,3.03473210334778
1463,3.17703342437744,1.09468936920166,0.708296298980713
1464,3.17759561538696,0.913160443305969,1.88896870613098
1465,3.17815709114075,4.22618198394775,2.05599522590637
1466,3.17871761322021,1.90064406394959,1.12355589866638
1467,3.17927742004395,1.53177642822266,3.18358707427979
1468,3.17983651161194,2.59090805053711,0.181653499603271
1469,3.18039488792419,3.56359243392944,3.48789978027344
1470,3.18095231056213,3.25947165489197,2.69989156723022
1471,3.17878985404968,3.63280582427979,4.72028684616089
1472,3.17934775352478,0.385042428970337,0.252809524536133
1473,3.17990493774414,2.52129340171814,3.95999670028687
1474,3.17774772644043,4.87180805206299,1.87630748748779
1475,3.17830514907837,4.4887113571167,0.496929287910461
1476,3.17886185646057,3.13883185386658,3.23044419288635
1477,3.17941784858704,3.37310981750488,2.84299993515015
1478,3.1772665977478,3.85716199874878,4.00698852539063
1479,3.17782282829285,2.14021778106689,2.06825590133667
1480,3.17837834358215,1.77766418457031,0.498989224433899
1481,3.17893314361572,3.51196813583374,1.8383572101593
1482,3.17948722839355,0.251432657241821,2.65527629852295
1483,3.18004035949707,2.23921871185303,4.17271518707275
1484,3.18059301376343,3.08887624740601,2.87239766120911
1485,3.18114471435547,3.45227193832397,0.0673991441726685
1486,3.18169593811035,0.268594622612,3.91493797302246
1487,3.18224620819092,3.96456432342529,0.983946919441223
1488,3.18279576301575,2.70647668838501,2.78144502639771
1489,3.18334460258484,1.54368495941162,1.07461869716644
1490,3.18389272689819,0.394167900085449,2.54219079017639
1491,3.18443989753723,1.15431904792786,0.408336520195007
1492,3.18498659133911,1.8797173500061,1.71635603904724
1493,3.18553256988525,0.84079921245575,3.60730767250061
1494,3.18607759475708,1.34115314483643,0.757983326911926
1495,3.18662214279175,1.08618557453156,0.127239227294922
1496,3.1871657371521,2.56108975410461,2.05023670196533
1497,3.18770885467529,4.24393939971924,0.897378325462341
1498,3.18558073043823,4.96055221557617,4.67712640762329
1499,3.18612408638,1.07373893260956,2.857590675354
1500,3.18666672706604,2.30507111549377,3.71712970733643
1501,3.18720841407776,1.24605596065521,2.87794923782349
1502,3.18774962425232,1.99667596817017,1.85802912712097
1503,3.18829011917114,2.39967131614685,2.42637968063354
1504,3.18882989883423,2.93042325973511,1.72309136390686
1505,3.189368724823,0.287553668022156,0.240414142608643
1506,3.18990707397461,2.41334295272827,3.2275218963623
1507,3.19044470787048,1.80422329902649,3.2627546787262
1508,3.18832898139954,3.77328991889954,3.50098133087158
1509,3.18886685371399,0.972749590873718,2.25730919837952
1510,3.18940401077271,0.583744645118713,0.966715812683105
1511,3.18994045257568,0.760211944580078,0.0136828422546387
1512,3.19047617912292,3.05616593360901,1.15819573402405
1513,3.19101119041443,4.78068876266479,0.512421727180481
1514,3.1915454864502,1.25437045097351,1.5567467212677
1515,3.1920793056488,1.0787308216095,2.08368635177612
1516,3.1926121711731,3.07447218894959,0.776087641716003
1517,3.19050765037537,4.90913486480713,2.82474732398987
1518,3.19104075431824,4.86091041564941,0.0591850280761719
1519,3.19157338142395,4.28376388549805,2.52722954750061
1520,3.19210529327393,1.44581890106201,3.16831707954407
1521,3.19263648986816,0.706217288970947,1.91075825691223
1522,3.19316697120667,2.88451409339905,2.94368720054626
1523,3.19107031822205,0.69578230381012,4.96504259109497
1524,3.19160103797913,0.400344133377075,0.27681827545166
1525,3.19213104248047,2.97378158569336,2.3305389881134
1526,3.19266057014465,2.26101303100586,0.336871147155762
1527,3.19318914413452,2.21226668357849,3.14977049827576
1528,3.19371724128723,0.950745940208435,1.20870351791382
1529,3.1942446231842,2.38324022293091,1.80796766281128
1530,3.19215679168701,4.11380863189697,3.23245477676392
1531,3.19268441200256,2.5221803188324,3.50431084632874
1532,3.19321155548096,0.688397884368896,0.727834105491638
1533,3.19373774528503,1.37161707878113,0.785989761352539
1534,3.19426345825195,3.59782648086548,1.67396330833435
1535,3.19218230247498,4.87271118164063,4.60272550582886
1536,3.19010424613953,4.82208204269409,3.44555902481079
1537,3.19063115119934,2.4375901222229,1.96283960342407
1538,3.18855667114258,4.30697727203369,4.70789623260498
1539,3.18908381462097,3.73324513435364,0.240445137023926
1540,3.18961048126221,1.41326522827148,4.47780990600586
1541,3.19013619422913,1.63724398612976,3.73916339874268
1542,3.19066143035889,0.901132822036743,3.7286114692688
1543,3.19118595123291,2.6277027130127,3.619797706604
1544,3.1917097568512,0.309965014457703,4.38527870178223
1545,3.19223308563232,2.1941282749176,3.97179555892944
1546,3.19016814231873,3.36819767951965,4.72504854202271
1547,3.19069170951843,1.88239121437073,1.67723798751831
1548,3.1886305809021,4.46519899368286,2.82850527763367
1549,3.18657207489014,3.94117069244385,4.18980407714844
1550,3.18709683418274,2.48313522338867,2.98011159896851
1551,3.1876208782196,0.380814671516418,3.14317584037781
1552,3.18814444541931,2.404461145401,0.995563864707947
1553,3.18609142303467,4.94211292266846,4.19599294662476
1554,3.18404126167297,4.46105766296387,3.45779848098755
1555,3.18199348449707,4.71801280975342,4.228844165802
1556,3.18251919746399,1.6362783908844,4.52098083496094
1557,3.18304443359375,4.02526140213013,2.65641951560974
1558,3.18356871604919,1.67009091377258,1.23025357723236
1559,3.1840922832489,4.46603059768677,1.77286601066589
1560,3.18461537361145,1.945805311203,4.17529582977295
1561,3.18513774871826,1.90934324264526,4.31795072555542
1562,3.18565940856934,3.85846853256226,2.71182799339294
1563,3.1836211681366,4.59674882888794,3.3935821056366
1564,3.18414330482483,2.52445554733276,3.10944223403931
1565,3.18466448783875,4.57755661010742,0.0372153520584106
1566,3.1851851940155,0.654048323631287,0.601612329483032
1567,3.18570518493652,4.41682052612305,0.733187794685364
1568,3.18622446060181,3.61048340797424,2.04720115661621
1569,3.18674325942993,0.157532691955566,0.518621802330017
1570,3.18471336364746,3.37119936943054,3.69380593299866
1571,3.18523240089417,1.99674940109253,3.58412623405457
1572,3.18575072288513,0.284801125526428,4.82924509048462
1573,3.18626832962036,2.43602299690247,4.32347202301025
1574,3.18424391746521,2.0287492275238,4.93000888824463
1575,3.1847620010376,1.36264896392822,1.9592342376709
1576,3.18527913093567,0.721718668937683,4.64545202255249
1577,3.18579578399658,0.907657146453857,2.42897057533264
1578,3.18377685546875,3.29224300384521,3.89843344688416
1579,3.18176054954529,4.15734243392944,3.06883478164673
1580,3.1822783946991,3.16787195205688,2.55427026748657
1581,3.18279576301575,3.84535264968872,2.48088383674622
1582,3.18331217765808,1.95999526977539,3.89649343490601
1583,3.18382811546326,2.12746834754944,1.83765912055969
1584,3.1843433380127,1.90658664703369,0.804346799850464
1585,3.18485808372498,3.00662422180176,1.06909453868866
1586,3.18537211418152,2.92445755004883,0.961264371871948
1587,3.18336486816406,4.40894412994385,3.85681200027466
1588,3.18387913703918,1.66228747367859,4.3257908821106
1589,3.18439269065857,2.96356225013733,0.253134965896606
1590,3.1849057674408,1.32957911491394,3.79778504371643
1591,3.18541789054871,0.873315334320068,1.63794612884521
1592,3.18592953681946,4.18489837646484,2.18705630302429
1593,3.18392968177795,4.69025707244873,1.96144962310791
1594,3.18444156646729,3.84218263626099,0.226083397865295
1595,3.18495297431946,1.62658071517944,1.65579771995544
1596,3.18546366691589,0.202160477638245,3.96006536483765
1597,3.18346905708313,3.62749814987183,4.74224328994751
1598,3.18397998809814,3.48435354232788,3.19472122192383
1599,3.18449020385742,3.0636785030365,0.717265605926514
1600,3.18499994277954,0.0121426582336426,4.1569185256958
